[wave]
random_seed = 0
sample_rate = 44100
wave_type = "Square"
attack_time = 0.000000
sustain_time = 0.126197
sustain_punch = 0.000000
decay_time = 0.085570
start_frequency = 0.481799
min_frequency = 0.000000
slide = 0.000000
delta_slide = 0.000000
vibrato_depth = 0.000000
vibrato_speed = 0.000000
change_amount = 0.000000
change_speed = 0.000000
square_duty = 0.357543
duty_sweep = 0.000000
repeat_speed = 0.000000
phaser_offset = 0.000000
phaser_sweep = 0.000000
lpf_cutoff = 1.000000
lpf_cutoff_sweep = 0.000000
lpf_resonance = 0.000000
hpf_cutoff = 0.100000
hpf_cutoff_sweep = 0.000000
